<?xml version="1.0"?>
<opencv_storage>
<intrinsic type_id="opencv-matrix">
  <rows>3</rows>
  <cols>3</cols>
  <dt>d</dt>
  <data>
    1235.057507552043 0.0 762.6318057740573 0.0 1235.887521219294 554.1490296341883 0.0 0.0 1.0</data></intrinsic>
<distortion type_id="opencv-matrix">
  <rows>1</rows>
  <cols>5</cols>
  <dt>d</dt>
  <data>
    -0.5174073649660939 0.3434369569637 0.00017737728144079067 0.0012798953431086466 -0.14252643754041577</data></distortion>
</opencv_storage>
