<?xml version="1.0"?>
<opencv_storage>
<intrinsic type_id="opencv-matrix">
  <rows>3</rows>
  <cols>3</cols>
  <dt>d</dt>
  <data>
    1211.6869991000933 0.0 678.8505597836245 10.0 1211.573489338152 545.7782967471728 0.0 0.0 1.0</data></intrinsic>
<distortion type_id="opencv-matrix">
  <rows>1</rows>
  <cols>5</cols>
  <dt>d</dt>
  <data>
    -0.4961034640930749 0.3027911864487634 -0.001403238278729668 0.001295085436791667 -0.11460521924525857</data></distortion>
</opencv_storage>
